-1.579427480697631836e+00
-2.084049224853515625e+00
-5.219562649726867676e-01
3.942180275917053223e-01
-3.226120471954345703e-01
-4.763270616531372070e-01
9.882299304008483887e-01
-1.096753597259521484e+00
-1.779630184173583984e-01
-1.179010886698961258e-02
-8.194259405136108398e-01
3.050875663757324219e-01
-2.757725417613983154e-01
8.930732607841491699e-01
-8.156842589378356934e-01
7.419814169406890869e-02
-1.102985262870788574e+00
2.281053662300109863e-01
6.096069812774658203e-01
4.591216444969177246e-01
-4.560537338256835938e-01
8.607242703437805176e-01
1.117157340049743652e+00
1.844088077545166016e+00
-3.795927762985229492e-01
-1.496895194053649902e+00
-1.555889010429382324e+00
6.577029824256896973e-01
-4.046361446380615234e-01
1.468627572059631348e+00
