1.127948522567749023e+00
3.737076818943023682e-01
-2.096497297286987305e+00
1.971095323562622070e+00
1.937855184078216553e-01
7.684668898582458496e-01
-7.997207641601562500e-01
2.551322460174560547e+00
-1.827257513999938965e+00
6.720221638679504395e-01
3.824097216129302979e-01
6.621854901313781738e-01
-7.206347584724426270e-01
-2.240604162216186523e+00
-6.836842894554138184e-01
-5.388929322361946106e-02
1.134963631629943848e+00
-1.800382375717163086e+00
1.494260668754577637e+00
-1.014407515525817871e+00
1.443324387073516846e-01
3.948025107383728027e-01
3.616085946559906006e-01
7.690637707710266113e-01
-3.272932767868041992e-01
6.949195265769958496e-02
1.113301753997802734e+00
7.715771794319152832e-01
2.715439200401306152e-01
1.121960639953613281e+00
