-5.230508372187614441e-02
-2.011642754077911377e-01
-3.385132849216461182e-01
-5.903317332267761230e-01
1.038391351699829102e+00
-1.089345812797546387e+00
1.336132526397705078e+00
-3.453648984432220459e-01
3.169427514076232910e-01
5.125269889831542969e-01
3.213834166526794434e-01
8.422037959098815918e-01
-5.946362018585205078e-01
-7.755282521247863770e-01
-1.285023927688598633e+00
-6.631777435541152954e-02
-1.424785852432250977e+00
-3.013441860675811768e-01
1.088284492492675781e+00
5.161121487617492676e-02
-8.492757081985473633e-01
-3.275814652442932129e-01
9.476304650306701660e-01
-1.650856286287307739e-01
5.879934430122375488e-01
4.385238885879516602e-01
-6.328735351562500000e-01
2.404421806335449219e+00
1.347713112831115723e+00
-5.273154377937316895e-01
