-2.941184759140014648e+00
-3.243255913257598877e-01
1.749424576759338379e+00
-5.347324609756469727e-01
-1.510387778282165527e+00
-7.825327515602111816e-01
-3.149340152740478516e-01
-4.502417445182800293e-01
-2.315223515033721924e-01
2.739414945244789124e-02
-7.069262862205505371e-01
-1.369425296783447266e+00
-6.119048595428466797e-01
-7.082100957632064819e-02
-1.310154348611831665e-01
9.915884733200073242e-01
-5.490693449974060059e-02
2.278077363967895508e+00
1.525709271430969238e+00
9.974764585494995117e-01
4.671659767627716064e-01
-1.226408362388610840e+00
-2.203462868928909302e-01
-1.502428650856018066e+00
1.503006577491760254e+00
8.242220282554626465e-01
-1.042666792869567871e+00
-8.849897384643554688e-01
1.161605715751647949e+00
-1.850782275199890137e+00
